第一张相片的三个角度值均为0，Bz=500
0    0 0 0 0
改正值 -0.236445804875271    -0.0425510878076339 -0.059697051684529 0.0381031199845425 -0.277611393232482
-0.236445804875271    -0.0425510878076339 -0.059697051684529 19.0607853380131 -142.588486478528
改正值 0.000679429569668204    -0.00723166834229531 -0.0136159992735364 -0.0182598728668274 0.0861466869994515
-0.235766375305603    -0.0497827561499292 -0.0733130509580653 9.92292599182307 -96.9386583004877
改正值 -0.0095720327946884    0.003415184726534 -0.000627781878486793 -0.000284042565832429 -0.00577986643861817
-0.245338408100291    -0.0463675714233952 -0.0739408328365521 9.78084956978435 -99.9406051911365
改正值 -7.19206503197735E-05    0.000195587253233549 0.000808555622904657 -0.000236151930639806 0.00378440317959745
-0.245410328750611    -0.0461719841701616 -0.0731322772136475 9.66272896497317 -97.9734859969951
改正值 -0.000338767794312    -0.000186280177656217 0.000108080349564073 -4.50629002556467E-06 -0.000125351892358534
-0.245749096544923    -0.0463582643478179 -0.0730241968640834 9.66047497866711 -98.0385727153419
改正值 -1.02290844266155E-05    -3.29844322464789E-05 -3.95682513368875E-05 -8.31076296189217E-06 0.000129085449212986
-0.24575932562935    -0.0463912487800643 -0.0730637651154203 9.65631804665335 -97.9715229503925
改正值 -1.71604765336509E-05    8.89224794001959E-06 -7.58181988926247E-06 -1.03794911603796E-06 -2.5200428114929E-06
-0.245776486105883    -0.0463823565321243 -0.0730713469353095 9.6557988785397 -97.9728296113735
