dX dY dZ na phi w k 
0 0 0 1 0 0 0
改正值：805.787901250042 -180.781465756307 59.6963163230825 3.98332915188527 1.17155025692382 0.557137719936752 -0.160033118530695
805.787901250042 -180.781465756307 59.6963163230825 4.98332915188527 1.17155025692382 0.557137719936752 -0.160033118530695
改正值：-1060.08056965497 39.429587025379 64.6739846592222 -1.35991369295092 -0.910881890369951 -0.331084370824376 0.288389009361614

-254.292668404924 -141.351878730928 124.370300982305 3.62341545893435 0.260668366553865 0.226053349112376 0.128355890830918

改正值：967.290373868381 31.6847609346884 -197.915886347793 1.37909197700435 -0.00973620360867478 -0.178730396247595 -0.237950887063598

712.997705463457 -109.667117796239 -73.5455853654886 5.0025074359387 0.25093216294519 0.0473229528647817 -0.10959499623268

改正值：63.7458911071307 -32.1370330527141 59.1613283911954 0.0757665695697 -0.0112625933972483 0.0561880424851807 0.0690813877794743

776.743596570587 -141.804150848953 -14.3842569742932 5.0782740055084 0.239669569547942 0.103510995349962 -0.0405136084532053

改正值：13.630286056641 1.76615974566454 11.5092369508881 0.0154133097024853 -0.00281424090101828 -0.00136220944042012 -0.000786905445858785

790.373882627228 -140.037991103289 -2.87502002340505 5.09368731521088 0.236855328646924 0.102148785909542 -0.0413005138990641

改正值：0.0052472505660946 -0.0126125652322997 -0.00804113976291982 1.75567882534872E-05 8.40240250638134E-06 6.222772335838E-06 -3.63248153248877E-07

790.379129877794 -140.050603668521 -2.88306116316797 5.09370487199914 0.23686373104943 0.102155008681878 -0.0413008771472173

